15
1 0 0 0 0 0 0 0 0 0 0 0 0 0 0
0 1 0 0 0 0 0 0 0 0 0 0 0 0 0
0 0 1 0 0 0 0 0 0 0 0 0 0 0 0
0 0 0 1 0 0 0 0 0 0 0 0 0 0 0
-1.110223025e-16 2.220446049e-16 0 0 1 0 0 0 0 0 0 0 0 0 0
0 0 0 0 0 1 0 0 0 0 0 0 0 0 0
0 1.110223025e-16 0 0 0 0 1 0 0 0 0 0 0 0 0
0 0 1.110223025e-16 0 0 0 0 1 0 0 0 0 0 0 0
0 0 0 0 0 0 0 0 1 0 0 0 0 0 0
0 0 0 0 0 0 2.220446049e-16 0 0 1 0 0 0 0 0
0 0 0 0 5.551115123e-17 0 0 0 0 0 1 0 0 0 0
0 -1.110223025e-16 -1.110223025e-16 0 -2.220446049e-16 0 0 0 0 0 0 1 0 0 0
0 0 0 0 0 0 -2.775557562e-17 0 0 0 0 0 1 0 0
0 0 0 0 0 0 0 0 0 2.220446049e-16 0 0 0 1 0
0 0 2.220446049e-16 0 0 0 0 0 0 0 0 1.110223025e-16 0 0 1
-0.5535598625 -0.05067651114 -0.3473165237 -1.65425707 1.255114396 -0.3814515523 -0.9539278208 -0.3477037634 -0.1487458824 0.6463610027 1.147144756 -0.06697242621 0.6037270621 0.8729251917 0.6301394487
